[gd_scene load_steps=6 format=3 uid="uid://bu0u51ro1uyfx"]

[ext_resource type="PackedScene" uid="uid://bxf8n1b2ueysd" path="res://player/demo_model.glb" id="1_70xuj"]
[ext_resource type="Script" uid="uid://bwq7jj8jst2j2" path="res://player/player_model.gd" id="2_4xcvv"]
[ext_resource type="AnimationLibrary" uid="uid://cffe0vkm2f8gi" path="res://player/template_psx_charter.glb" id="2_65fbn"]
[ext_resource type="Script" uid="uid://biw1br0nob8u0" path="res://player/bone_rotater.gd" id="3_nis8b"]
[ext_resource type="AnimationNodeBlendTree" uid="uid://b8u0yktcveet1" path="res://player/player_model_animation_tree_root.tres" id="5_mstlb"]

[node name="player_model" instance=ExtResource("1_70xuj")]
script = ExtResource("2_4xcvv")

[node name="GeneralSkeleton" parent="metarig" index="0"]
bones/0/position = Vector3(0, 0.9038578, -0.05756476)
bones/0/rotation = Quaternion(0.0057693995, 0, 0, 0.99998343)
bones/4/rotation = Quaternion(-3.3527613e-08, 0, 0, 1)
bones/5/rotation = Quaternion(-2.9802322e-08, 0, 0, 1)
bones/6/rotation = Quaternion(-7.450568e-09, -1.1920926e-07, -4.4408942e-15, 1)
bones/8/rotation = Quaternion(-0.25885743, 0.76575416, -0.58776385, -0.03387187)
bones/9/rotation = Quaternion(0.3652535, -0.6448387, 0.2340904, 0.6292651)
bones/10/rotation = Quaternion(2.095701e-08, 0.70710677, -2.1189841e-08, 0.70710677)
bones/12/rotation = Quaternion(-0.47026676, 0.5795474, -0.5193746, -0.41620186)
bones/13/rotation = Quaternion(0.015245631, 0.70731574, -0.009770962, 0.70666575)
bones/14/rotation = Quaternion(4.6566118e-10, -0.70710677, -4.6566118e-10, 0.70710677)
bones/19/rotation = Quaternion(4.3794667e-08, 0.015995337, 0.9998721, -6.573249e-10)
bones/20/rotation = Quaternion(-3.5314103e-16, 0.99973357, -0.02308686, 4.2149328e-16)
bones/21/rotation = Quaternion(1.5477922e-15, 0.70710677, -0.70710677, 6.99006e-16)
bones/24/rotation = Quaternion(4.39013e-08, 0.015995337, 0.9998721, -6.074801e-10)
bones/25/rotation = Quaternion(-3.26811e-16, 0.99973357, -0.02308686, 4.543023e-16)
bones/26/rotation = Quaternion(-4.0775158e-16, 0.70710677, -0.70710677, -2.0803727e-16)

[node name="spine_006" parent="metarig/GeneralSkeleton" index="0"]
transform = Transform3D(1, 1.0658138e-14, -2.3841847e-07, -2.7509945e-09, 0.99993306, -0.011538463, 2.3840265e-07, 0.011538462, 0.9999332, 1.9339312e-15, 1.5973799, 0.010366934)

[node name="spine_004" parent="metarig/GeneralSkeleton" index="1"]
transform = Transform3D(1, 0, 0, 0, 0.9999334, -0.01153854, 0, 0.01153854, 0.9999334, 2.8575724e-15, 1.4869097, -0.017984577)

[node name="hand_L" parent="metarig/GeneralSkeleton" index="2"]
transform = Transform3D(-0.18546784, 0.23742053, -0.9535372, -0.46429488, -0.8763962, -0.12790564, -0.86604375, 0.419, 0.27277648, 0.21055515, 1.0954719, -0.054964557)

[node name="forearm_L" parent="metarig/GeneralSkeleton" index="3"]
transform = Transform3D(-0.9535372, 0.23742059, 0.18546784, -0.1279057, -0.8763962, 0.46429488, 0.2727765, 0.41899997, 0.86604375, 0.17205939, 1.2540737, -0.16578269)

[node name="upper_arm_L" parent="metarig/GeneralSkeleton" index="4"]
transform = Transform3D(-0.3566249, 0.17505318, -0.917701, 0.3661111, -0.8775364, -0.30966508, -0.8595239, -0.44641477, 0.24886246, 0.14647499, 1.4208065, -0.030223105)

[node name="hand_R" parent="metarig/GeneralSkeleton" index="5"]
transform = Transform3D(0.11227834, -0.006523179, 0.9936553, 0.97576386, -0.18829267, -0.111492805, 0.18782532, 0.98209125, -0.014776066, -0.14533317, 1.3202708, 0.36193496)

[node name="forearm_R" parent="metarig/GeneralSkeleton" index="6"]
transform = Transform3D(-0.9936553, -0.006523179, 0.11227834, 0.111492805, -0.18829267, 0.97576386, 0.014776066, 0.98209125, 0.18782532, -0.16109326, 1.3296857, 0.16551672)

[node name="upper_arm_R" parent="metarig/GeneralSkeleton" index="7"]
transform = Transform3D(0.11275446, -0.01819825, 0.99345624, 0.9684045, -0.22181652, -0.11397441, 0.22243914, 0.97491854, -0.007387493, -0.14647499, 1.4208065, -0.030223105)

[node name="spine_002" parent="metarig/GeneralSkeleton" index="8"]
transform = Transform3D(1, 0, 0, 0, 0.9999334, -0.011538607, 0, 0.011538607, 0.9999334, -5.2038528e-18, 1.1580664, -0.013528649)

[node name="spine_001" parent="metarig/GeneralSkeleton" index="9"]
transform = Transform3D(1, 0, 0, 0, 0.9999334, -0.011538607, 0, 0.011538607, 0.9999334, 0, 1.03618, -0.027535964)

[node name="foot_L" parent="metarig/GeneralSkeleton" index="10"]
transform = Transform3D(-0.9999999, 8.7589115e-08, 1.3291498e-09, -9.242407e-10, -0.02572181, 0.9996692, 8.7594316e-08, 0.9996691, 0.025721807, 0.07349999, 0.072981775, -0.028287273)

[node name="shin_L" parent="metarig/GeneralSkeleton" index="11"]
transform = Transform3D(0.9999999, -1.329151e-09, -8.7589115e-08, 9.242394e-10, -0.9996692, 0.02572181, -8.7594316e-08, -0.025721807, -0.9996691, 0.0735, 0.47878298, 0.015765317)

[node name="thigh_L" parent="metarig/GeneralSkeleton" index="12"]
transform = Transform3D(-1, 2.7155025e-09, 8.7557105e-08, -9.242388e-10, -0.9997909, 0.02045175, 8.759432e-08, 0.020451749, 0.99979085, 0.0735, 0.95937365, -0.024822023)

[node name="foot_R" parent="metarig/GeneralSkeleton" index="13"]
transform = Transform3D(-0.9999999, 8.7799265e-08, 1.4352309e-09, -8.235999e-10, -0.02572181, 0.9996692, 8.780713e-08, 0.9996691, 0.025721807, -0.07349999, 0.072981775, -0.028287273)

[node name="shin_R" parent="metarig/GeneralSkeleton" index="14"]
transform = Transform3D(0.9999999, -1.4352306e-09, -8.7799265e-08, 8.236002e-10, -0.9996692, 0.02572181, -8.780713e-08, -0.025721807, -0.9996691, -0.07349999, 0.47878298, 0.015765317)

[node name="thigh_R" parent="metarig/GeneralSkeleton" index="15"]
transform = Transform3D(-1, 2.6192368e-09, 8.777193e-08, -8.2359963e-10, -0.9997909, 0.02045175, 8.780714e-08, 0.020451749, 0.99979085, -0.0735, 0.95937365, -0.024822023)

[node name="spine" parent="metarig/GeneralSkeleton" index="16"]
transform = Transform3D(1, 0, 0, 0, 0.9999334, -0.011538607, 0, 0.011538607, 0.9999334, 0, 0.9038578, -0.05756476)

[node name="waist" type="SkeletonModifier3D" parent="metarig/GeneralSkeleton" index="17"]
_import_path = NodePath("")
unique_name_in_owner = false
process_mode = 0
process_priority = 0
process_physics_priority = 0
process_thread_group = 0
physics_interpolation_mode = 0
auto_translate_mode = 0
editor_description = ""
transform = Transform3D(1, 0, 0, 0, 1, 0, 0, 0, 1, 0, 0, 0)
rotation_edit_mode = 0
rotation_order = 2
top_level = false
visible = true
visibility_parent = NodePath("")
active = true
influence = 1.0
script = ExtResource("3_nis8b")
target_bone = "Spine"
metadata/_custom_type_script = "uid://biw1br0nob8u0"

[node name="arm" type="SkeletonModifier3D" parent="metarig/GeneralSkeleton" index="18"]
_import_path = NodePath("")
unique_name_in_owner = false
process_mode = 0
process_priority = 0
process_physics_priority = 0
process_thread_group = 0
physics_interpolation_mode = 0
auto_translate_mode = 0
editor_description = ""
transform = Transform3D(1, 0, 0, 0, 1, 0, 0, 0, 1, 0, 0, 0)
rotation_edit_mode = 0
rotation_order = 2
top_level = false
visible = true
visibility_parent = NodePath("")
active = true
influence = 1.0
script = ExtResource("3_nis8b")
target_bone = "RightUpperArm"
target_rotation_pivo = Vector3(0, 0, 1)
metadata/_custom_type_script = "uid://biw1br0nob8u0"

[node name="AnimationPlayer" type="AnimationPlayer" parent="metarig/GeneralSkeleton" index="19"]
root_node = NodePath("../../..")
libraries = {
&"template_psx_charter": ExtResource("2_65fbn")
}

[node name="AnimationTree" type="AnimationTree" parent="metarig/GeneralSkeleton" index="20"]
root_node = NodePath("%GeneralSkeleton/../..")
tree_root = ExtResource("5_mstlb")
anim_player = NodePath("../AnimationPlayer")
parameters/Add2/add_amount = 1.0
parameters/walk_arms/blend_position = 0.0
parameters/walk_legs/blend_position = 0.0
parameters/TimeScale/scale = 4.0
"parameters/TimeScale 2/scale" = 4.0
parameters/arm_estate/current_state = "gun"
parameters/arm_estate/transition_request = ""
parameters/arm_estate/current_index = 1
parameters/charged_shot/active = false
parameters/charged_shot/internal_active = false
parameters/charged_shot/request = 0
parameters/automatic_shot/active = false
parameters/automatic_shot/internal_active = false
parameters/automatic_shot/request = 0
"parameters/TimeScale 3/scale" = 2.0
parameters/leg_estate/current_state = "floor"
parameters/leg_estate/transition_request = ""
parameters/leg_estate/current_index = 0
